1.000000000000000000e+00 5.249859574840698428e-11
1.000000000000000000e+00 3.630322605030489314e-12
9.999998807907104492e-01 6.348088277263741475e-08
1.000000000000000000e+00 3.111682245204860919e-09
1.550079218759492505e-06 9.999984502792358398e-01
4.195111393928527832e-01 5.804888010025024414e-01
1.000000000000000000e+00 2.762085837826333545e-10
9.984332919120788574e-01 1.566677005030214787e-03
1.000000000000000000e+00 5.935267034795632668e-12
7.638059854507446289e-01 2.361939996480941772e-01
9.978463649749755859e-01 2.153616864234209061e-03
1.000000000000000000e+00 9.551900936877188997e-12
2.817078679800033569e-02 9.718291759490966797e-01
3.538654345902614295e-05 9.999645948410034180e-01
7.393002160824835300e-04 9.992607235908508301e-01
1.000000000000000000e+00 3.854932728586391022e-08
